14
-559 -221 -569 -538 -426 -6 -43 329 -288 27 558 1 -257 -622 
-19 -906 25 -38 180 -545 198 -95 -182 167 83 -188 -273 -121 
-492 678 -609 -736 -3 -481 -350 635 -281 354 -225 124 12 500 
101 -439 -69 451 11 -615 589 185 -122 86 -343 -161 258 289 
251 361 -185 -390 161 68 423 -172 357 251 481 -168 -222 -79 
-15 10 -1 -765 294 -87 -95 274 -565 342 -884 26 283 86 
-767 450 -783 453 -168 -264 -466 580 279 417 309 -143 -297 669 
-258 400 -238 841 -42 -451 -17 267 582 -395 702 574 484 -268 
-37 172 156 680 -226 -103 -184 -126 -270 316 -11 173 647 350 
179 317 482 495 62 -150 -304 -434 -159 14 581 -117 -100 260 
-197 974 339 420 -571 105 443 29 703 2 -316 467 -5 -166 
54 92 352 488 -291 -138 -176 -669 274 -595 251 -126 -929 199 
43 -389 127 306 472 521 703 317 350 145 656 602 605 195 
168 -257 428 307 -239 34 55 413 586 -364 -269 561 -373 0
