70
131 -814 -78 -112 46 27 650 -216 -14 41 114 152 -171 116 365 -194 -359 -145 204 -221 -177 -44 472 -918 28 -137 -325 304 517 660 103 25 -190 -396 -23 265 -459 -24 -687 121 534 131 -354 65 -144 -306 -457 647 600 16 -15 -272 151 -164 -237 101 -60 -141 -685 -251 -351 130 162 -159 -620 691 -214 186 -228 399 
330 832 -620 -497 263 -430 -658 -248 -228 266 -551 -483 23 -477 77 -319 70 -27 -148 -151 79 675 414 -74 668 42 443 -296 261 261 -850 -606 103 23 193 366 289 -305 468 -760 461 254 -159 370 -463 89 574 -92 552 279 154 19 390 145 -17 -357 20 348 206 -389 349 -569 -113 -401 -379 186 876 -135 -81 -226 
-252 345 -40 -371 -942 261 -3 35 31 323 514 724 65 -695 -48 -762 -210 116 -725 -379 338 -555 222 -134 -589 -445 -301 -38 220 -252 -6 168 920 239 -266 -119 390 -298 -249 -134 110 86 52 222 317 93 308 95 -102 424 193 351 575 -453 -380 192 -518 187 -320 454 -270 307 -191 -85 384 339 940 161 -611 -102 
-232 -261 -630 136 334 -306 139 751 -301 655 653 13 -318 -539 -119 432 -551 -396 -903 516 -21 497 156 65 -85 -710 -288 -838 -173 113 333 708 365 -750 -300 -107 273 445 -362 -13 -771 120 579 -16 256 113 643 -627 486 821 37 160 104 90 115 -707 -646 -363 695 -662 423 540 -23 -575 183 944 -40 -118 61 -196 
402 -777 -137 -664 -519 -141 477 -31 312 564 288 419 -36 311 -375 -152 565 80 -69 -15 -558 -685 -756 22 -674 51 -203 863 -229 433 642 72 -648 -13 -377 -305 113 634 -56 561 -54 -116 434 -552 273 -46 -189 122 -119 -552 -269 218 -198 201 -491 -280 -274 494 703 -284 -527 -109 47 -200 124 -567 391 346 -496 290 
-45 467 -35 193 -96 644 227 12 549 203 -237 175 -361 347 714 156 -2 55 584 632 804 216 -188 658 743 33 -151 -43 728 632 -60 168 410 -98 117 -518 458 -344 277 -369 526 175 224 862 -212 -254 -70 -334 432 335 -251 -178 -134 -227 -560 163 68 340 -176 -458 345 -13 -150 -34 -131 -169 -883 121 131 -874 
-702 -112 628 308 430 -640 489 -247 -352 621 19 784 -191 471 -849 215 -113 -185 -317 -384 -677 240 -678 151 -288 488 928 -484 -472 -323 -63 -873 -6 -12 768 -506 578 -95 -273 222 181 -181 -18 -153 674 -460 120 -269 -390 144 673 470 372 -144 -217 537 -211 72 395 -367 147 327 -160 29 -871 180 -190 -242 25 632 
-308 -230 -122 250 113 -12 56 -178 -273 -301 -625 -638 -120 719 -619 712 -832 -447 324 317 686 48 -378 -9 719 -92 -432 632 -314 -294 349 -859 -452 -438 -503 12 -167 -74 577 156 606 743 -18 -25 372 -265 98 237 218 221 31 -102 -60 672 37 165 -757 818 282 -459 473 78 -495 217 466 437 -329 8 455 128 
-492 -216 553 625 395 -456 443 439 289 318 95 900 -613 -271 -412 333 799 494 -281 -462 -363 685 352 -324 -219 44 398 -7 -148 -22 228 184 429 730 501 -36 0 218 -227 -358 -111 -218 278 -577 145 218 64 -601 -217 -8 47 774 -395 46 183 -67 374 357 490 -570 -115 -641 49 443 -112 469 391 333 -468 375 
-286 137 22 387 275 499 816 111 -30 401 -363 -208 -238 376 151 713 -294 656 -359 241 212 430 -49 -107 94 426 -483 112 695 277 -114 415 135 -680 -237 397 358 651 367 -121 -457 545 228 339 144 -232 253 -26 199 -483 560 -63 36 -124 188 -135 411 86 -581 -143 40 -407 105 34 -787 618 -239 -661 847 -447 
616 61 -469 -686 -76 -136 -203 -95 728 558 137 -639 -270 694 -85 -92 16 -89 -234 146 -604 301 -533 94 145 -216 -173 -173 493 135 -231 292 -43 -18 76 61 -510 -336 -432 -848 410 -5 81 -205 345 335 269 547 -170 301 -639 -270 724 -192 -847 358 248 -200 177 256 524 -13 218 -628 -584 -694 -613 275 431 107 
-605 146 -181 325 893 -131 173 210 -609 -210 -394 232 133 456 590 147 30 629 -57 -156 184 -98 569 99 -659 417 -13 -59 156 -318 -39 -269 121 839 316 550 -252 -439 563 631 -450 -149 344 304 542 -403 462 -506 337 1 17 -496 354 435 -274 820 -886 -187 -185 309 751 -141 -469 -499 687 871 53 -179 -208 -382 
323 -207 109 -753 20 -369 111 -664 -509 508 -12 -119 -541 95 -690 416 -496 -225 -184 -113 226 -394 9 -374 427 29 218 105 -388 -425 266 260 553 30 -296 205 84 -85 400 -408 381 244 179 276 252 66 -157 -64 657 -235 -116 -414 76 62 -605 304 276 -274 600 -49 502 370 639 -259 -24 304 -228 182 392 -324 
250 -438 232 -666 -61 389 -50 -566 417 -115 329 254 -625 300 680 -798 -43 161 54 374 -220 83 169 -33 693 -21 688 123 317 -170 48 -73 148 -453 -417 195 -669 -611 146 86 207 861 -408 607 55 -95 -180 108 569 -181 -72 -838 -5 110 -36 981 -740 66 122 113 109 -71 -148 -453 -603 -429 84 -417 638 -131 
-463 420 -660 -351 159 288 430 551 -690 350 -184 31 -345 -20 -397 -459 51 -64 96 503 349 228 360 -291 -123 25 -373 -407 -330 -130 126 -236 22 569 286 -275 -138 -234 -619 -108 532 600 325 90 -881 618 -276 -578 82 -137 415 355 190 -500 -756 -523 13 -65 271 684 -15 -366 333 103 399 -217 -95 -259 555 666 
633 -73 220 335 -465 -121 -29 -123 -432 367 -55 -570 -416 298 -590 642 105 -311 78 463 692 -219 -498 615 -11 390 -220 137 -659 207 46 443 -584 476 -197 107 -367 158 -101 -442 -245 823 118 -749 394 211 306 590 -215 -430 -642 82 213 126 -691 0 -17 -401 -218 -439 13 264 -278 394 273 446 289 -27 65 262 
134 -561 85 -428 -759 691 202 -427 160 -217 -70 -234 -947 16 -162 -507 -108 442 -30 -509 -204 464 -512 -727 356 -568 284 152 -62 808 151 100 -768 -331 -444 -236 -306 53 -382 182 382 -389 -186 356 284 527 -889 126 168 -455 -45 74 538 -170 -899 481 627 501 855 -160 669 221 641 -229 142 181 -23 97 -618 319 
588 -34 -107 -344 -26 536 -137 71 -248 -391 510 343 46 -349 16 -440 122 171 346 -236 -679 963 -296 -16 -124 -1 384 522 430 -493 142 -599 -55 -369 397 611 -658 -97 -392 -498 -167 -130 195 295 -436 423 -132 -677 -549 -544 644 -81 641 383 -291 -619 -614 759 642 206 -146 -439 156 -114 485 104 -590 -181 -507 300 
-265 393 -421 -650 -148 77 -463 -220 -126 -52 656 193 -278 -236 214 67 393 70 259 194 -24 170 908 -443 -736 142 -445 -367 346 -507 -538 -491 667 -172 -1 742 -61 -160 -139 -723 -99 -603 105 383 -219 -340 83 99 -251 732 -405 -276 -615 30 -39 372 77 -681 801 -71 -71 473 111 -533 498 256 -328 -372 -103 7 
-684 72 149 -777 -555 -821 95 91 -72 -287 108 -479 -49 189 -137 -295 -423 -427 168 323 -699 -659 506 601 -362 -491 285 175 -118 83 561 -75 -85 215 294 49 40 -9 -531 -371 908 502 -482 -571 -607 145 298 445 215 -55 199 752 31 -214 -311 256 552 438 -565 -531 -622 -216 -20 185 241 352 -228 328 200 -399 
-471 134 264 -202 439 176 530 492 189 705 -545 167 161 678 609 -101 -568 513 -42 394 578 -787 -174 -31 679 446 -622 -344 108 -99 262 -145 537 93 31 -460 355 69 107 -99 359 -81 311 276 263 -511 328 571 63 8 -200 55 302 -312 457 194 583 -799 -312 -334 5 -524 -503 -801 358 302 -597 -40 -223 -592 
-764 402 -636 65 -569 3 180 -526 173 -115 528 336 192 282 -407 554 293 647 558 -644 90 131 -514 -53 574 -163 667 680 118 -525 -348 189 633 -399 548 181 -683 -92 -436 110 39 239 121 213 -120 -50 718 829 327 -106 389 161 -262 -490 -372 -560 -433 373 246 -73 627 -341 368 -305 -432 218 -336 -337 -552 -297 
441 -905 469 -304 702 -158 -149 321 -363 210 254 161 455 -681 646 331 165 446 542 -650 -236 -780 -659 -166 -794 184 768 -326 -479 478 16 -43 -117 -184 194 669 6 277 79 -27 -549 393 -146 -206 60 -458 -271 610 -97 -611 590 -240 -405 -410 -909 -393 72 114 -284 -51 -821 204 -362 -128 239 639 -33 -279 83 238 
-124 69 494 169 -206 337 -744 -470 3 -213 -984 368 177 547 401 139 -371 225 -258 -21 -137 157 -494 -635 90 400 -421 89 -142 -632 420 536 -286 819 154 -8 116 -216 485 131 -51 33 299 -363 -241 768 159 -125 64 -967 142 883 -178 -121 -184 -118 189 646 38 -4 287 -25 -637 -329 -806 -3 377 -55 -453 155 
482 -871 953 -137 -294 -212 -728 -209 613 -585 518 -506 -59 94 -737 851 935 120 51 527 -158 -250 -276 101 1 144 575 -586 77 4 -595 -211 484 -125 -108 -707 67 -151 -418 -223 465 455 -89 -795 727 32 712 471 378 732 98 -291 418 -43 155 639 -345 660 -686 554 -279 173 55 -19 342 -593 -264 -42 -31 -494 
-703 95 -112 -130 -381 244 362 477 -587 -446 -182 -156 373 357 365 168 658 -34 369 -252 -388 32 409 391 263 -127 -446 -363 -128 -381 210 -749 -598 414 -299 111 -198 -66 -52 -320 -730 -356 -25 -249 627 435 -490 -295 550 -317 -71 211 -415 588 -177 -256 -178 -82 -331 644 -608 -218 764 -187 -394 -435 291 -439 273 -591 
66 190 541 685 -224 507 -241 70 423 -163 380 -141 -471 -102 -431 250 -542 -477 547 -142 -463 -157 -50 -181 148 49 -239 -450 -320 797 -599 533 134 507 -735 -292 -622 -550 -183 52 277 492 361 329 137 -61 172 46 232 -13 566 -701 247 623 18 -323 -576 -666 -492 -526 436 183 -116 -438 77 261 -404 586 -691 261 
180 -378 -596 -259 266 -443 -76 310 -735 571 -523 -368 392 270 -573 29 -588 211 -42 376 -185 926 -327 -454 -188 279 246 10 481 -12 106 -485 667 -314 30 497 -653 -768 363 310 -457 464 500 76 403 537 80 378 -518 372 126 357 -4 494 365 534 39 346 120 168 -164 -264 -540 -337 179 453 256 779 -603 -740 
-221 -33 440 358 85 787 -67 -514 -364 -666 185 120 243 -10 227 50 -661 -176 34 339 354 -310 -351 -320 -26 100 447 250 823 330 138 55 751 -391 -644 -96 426 -2 -230 -641 -308 -801 383 182 -311 254 -755 304 -164 -220 212 -98 278 711 -70 86 233 408 86 -178 -250 -47 385 -9 521 60 -546 723 -138 131 
505 62 207 3 60 68 550 158 -75 156 919 181 179 457 -662 -166 157 -770 71 306 57 -58 41 542 247 62 -86 -814 146 -513 -64 -673 -79 -246 -211 -581 80 -194 459 736 46 520 41 53 702 -329 566 -622 555 422 190 -458 -447 392 -9 -282 -73 -3 -57 -141 -57 633 528 -358 -505 -574 -391 308 -388 173 
181 -361 -873 427 -315 67 -184 136 -288 427 195 540 -531 -35 -100 35 381 540 13 -69 -41 -321 698 120 -406 -734 -952 240 6 -403 -303 -12 -342 -414 -151 18 163 -770 -487 -80 -104 190 343 -188 341 257 393 115 125 75 -134 -571 142 -109 360 57 348 200 383 41 421 113 -104 569 -423 -5 89 -176 435 182 
-123 -652 486 -83 208 296 257 -205 286 -827 8 305 -408 -25 -156 -178 -252 -406 367 808 117 555 -190 173 715 253 -134 -182 41 485 950 253 478 -68 358 771 -860 495 -323 341 15 113 -143 691 -275 134 483 21 -413 -195 -307 715 -97 -569 231 324 365 478 -631 471 -7 712 -303 -563 685 525 -830 -141 452 654 
60 633 62 0 577 467 -571 396 -89 705 -221 -26 -177 671 122 -43 -402 -391 702 90 431 -152 385 -367 -219 -757 -79 157 -301 19 -551 -348 -81 410 516 195 -647 -545 -10 386 -221 -21 494 92 261 14 86 -187 -73 -79 19 390 158 -538 -714 -80 -523 -236 685 -483 -35 361 -156 704 693 566 741 -563 154 400 
-253 -497 221 -453 122 204 -110 138 35 210 114 -560 -267 458 128 678 178 99 97 304 -290 306 -279 39 -67 484 25 254 -200 -3 -784 -550 -496 793 -453 819 253 -143 -80 26 -501 -100 82 282 -488 -190 601 124 514 58 309 670 353 184 -223 -226 369 -553 -172 333 359 421 -243 418 -539 -316 -648 -667 -767 330 
-272 -68 -223 -453 108 297 24 -220 263 -246 -679 -210 -208 81 641 -670 162 -535 -710 544 -460 -781 560 399 845 -158 -112 191 -541 0 -22 -180 -56 -273 -56 -15 113 104 -150 -857 -46 214 320 169 -325 -122 -149 -206 -370 30 441 114 -134 -773 18 60 -645 813 326 101 -201 -697 28 -850 -734 -64 -157 261 -436 426 
859 554 -592 -463 -3 -616 322 150 -216 7 -873 -597 288 -322 -495 435 -409 226 5 -618 106 149 453 -224 -401 -66 22 343 353 -188 -521 -482 236 69 211 243 -431 392 43 -390 -400 16 529 581 734 -259 -9 -366 -644 172 506 532 -489 449 93 -507 -749 -37 -130 15 639 168 15 210 -495 -61 -202 438 -604 -489 
-406 182 514 274 393 -13 -603 14 309 433 -41 176 195 -583 150 80 -68 -114 407 -172 -550 183 321 -91 422 -204 65 138 587 498 -869 -224 488 -491 -177 399 504 120 -219 104 369 -63 871 -306 -74 193 66 119 -720 154 613 -274 488 -410 -125 471 593 30 -221 -79 564 113 381 -463 212 466 246 -58 391 -350 
227 -489 178 283 -383 12 -32 -189 60 713 41 745 371 20 220 28 -209 -86 431 -723 51 229 765 -281 390 98 -390 -282 -469 391 -296 846 -43 464 958 437 678 731 -292 269 233 177 -140 -176 -720 143 -718 -170 453 277 684 122 -323 -195 302 131 91 730 -150 -658 418 466 -174 -413 591 -310 226 -364 313 -64 
-484 -145 -329 557 436 -348 384 -447 62 -160 356 575 342 131 301 -26 -218 774 711 -27 229 1 390 -474 45 105 -456 630 -108 -755 180 -639 -303 62 -183 556 307 11 462 -146 255 556 -9 38 -53 75 504 -262 570 -38 835 786 -279 544 -668 -311 356 35 432 -474 -644 -493 685 61 -307 -5 188 374 225 -557 
316 497 26 315 -43 -164 90 173 -411 384 257 -486 161 57 -545 295 281 -262 -676 -236 247 -405 -704 113 707 518 -123 760 568 422 -387 440 -139 -448 -416 -181 -732 -184 181 -199 426 203 -650 -308 76 -60 183 -66 -88 231 -198 -377 110 -12 720 -117 459 -200 -303 -272 254 -186 -303 482 235 752 -590 -540 -834 -837 
-764 32 -221 505 -380 -104 -802 312 -542 -146 508 -271 -19 438 636 33 -2 -80 -806 253 307 41 -438 102 -205 64 211 -132 -19 -310 258 194 789 681 188 796 -566 -648 837 15 -589 -418 168 813 -244 -881 578 -730 76 349 236 -889 -371 666 -380 -253 57 -52 132 -274 -32 -98 158 -87 -229 202 759 677 127 -145 
322 75 -70 -44 135 -50 229 -351 22 -378 176 -200 137 324 469 12 428 523 110 -227 -489 53 -75 -520 -384 -259 -723 -626 18 29 524 -721 481 -689 -17 -108 454 235 -706 326 465 -651 607 155 422 -535 -422 -453 897 -647 589 375 133 125 -27 -15 166 -469 -294 -251 -777 -279 -42 -141 125 735 -247 460 368 -686 
37 -518 -719 -26 -653 114 -766 19 102 46 -263 293 539 -623 -661 -400 -362 226 -608 257 220 -339 -146 293 -443 -170 -879 434 -771 566 502 -56 -103 -237 -335 380 39 339 -278 496 324 575 506 104 171 303 -163 515 -288 -625 -702 -35 150 -122 -63 -849 -596 58 85 -59 -168 -720 -862 -597 -279 -717 -466 4 201 202 
607 398 431 569 265 -228 754 -530 -856 95 652 -115 274 -484 124 -92 -576 390 -238 20 -529 -171 -508 118 173 -146 238 362 -20 634 -404 131 -152 -477 481 -11 -666 -471 -234 -537 -492 -237 56 906 354 -211 82 -30 -854 539 35 -69 698 -155 107 -246 626 -286 -6 71 512 -55 -868 172 56 -95 -761 -890 -704 401 
615 18 24 276 -648 -635 560 106 -127 618 -362 22 7 -538 87 59 17 296 808 57 271 375 -621 172 -591 -169 -686 275 -367 329 246 70 464 303 -62 783 429 42 641 709 -644 96 393 344 -246 98 60 -89 -113 -204 -427 36 -262 -190 291 77 412 317 542 184 333 -56 -548 -83 420 -187 -59 -6 -426 59 
-28 161 -340 -459 786 147 -344 -488 3 94 -210 415 52 761 -139 492 -396 -432 426 114 -166 331 -591 244 -80 -519 -106 -207 -46 572 22 351 364 -759 380 2 320 351 824 84 -65 -546 -538 -227 -199 -419 410 -495 -149 212 100 94 -155 93 393 414 94 -549 -533 -382 -781 -205 780 50 341 -785 478 158 754 -9 
-220 122 -23 428 446 64 245 -355 -194 9 -690 588 533 109 -2 -272 -143 2 424 277 772 592 -153 43 635 800 -20 380 783 94 589 -443 25 -369 -67 24 -401 -278 500 -902 521 -272 -67 310 -403 496 580 -664 260 407 225 250 -306 270 -262 -671 -383 -239 -129 619 -173 -345 520 -284 -43 -27 201 7 196 793 
293 -455 -115 -835 377 -129 252 -684 -132 199 -198 7 396 -398 -60 524 -131 -153 375 157 -203 309 -447 468 304 -754 -160 461 -84 123 810 -560 68 -567 -52 196 -381 -558 -222 -406 225 -164 94 -52 -288 -134 70 202 243 878 225 -416 -420 664 -714 -560 -607 -72 925 498 -52 -840 319 157 -4 104 110 9 65 697 
579 -137 414 -188 -36 -23 -326 -70 850 -92 122 67 700 -78 -898 765 461 6 -285 566 -224 -55 32 -204 314 -921 365 -332 222 830 -86 6 -777 898 -171 323 8 406 494 -78 554 -108 -206 -17 151 -306 409 736 -642 -76 -254 791 -485 443 46 -534 -635 519 -434 -472 -35 431 216 7 -199 113 882 302 -252 406 
108 -605 -123 -369 64 161 -323 -597 406 820 693 -246 484 -380 447 27 -104 28 -664 -80 -534 -219 321 -611 -53 581 142 -138 -314 859 859 -312 -692 -472 375 -603 -174 -16 363 874 583 301 439 351 293 -390 96 -445 -339 400 -821 -476 -26 505 882 -2 -166 190 -890 -251 -602 554 304 899 -160 0 95 730 386 55 
-387 -266 -1 71 463 159 827 -291 -177 448 258 387 -27 70 -1 -20 177 410 -12 933 301 -335 -547 -38 -667 -60 -846 -57 92 -458 489 -297 -414 -158 -406 25 162 -274 713 -109 42 284 158 377 241 -659 440 397 -492 -104 -338 700 -387 440 -590 19 162 351 -116 -78 -705 854 307 -295 138 -732 -774 -376 42 461 
396 256 -216 -417 -17 439 -584 660 -456 -109 -681 481 127 328 -479 -378 -732 -174 133 -280 -86 -607 -547 54 67 327 -544 227 912 -599 695 -298 -450 368 -63 -497 248 -170 301 -655 533 -247 128 219 -114 178 -356 -103 -592 -420 -647 197 -669 301 -385 647 -682 136 381 190 -674 849 -753 163 11 -295 179 -683 -367 437 
616 747 -515 380 -59 -514 290 -115 81 -104 -855 -192 -146 482 -610 438 -645 -412 419 59 539 628 -120 71 914 53 567 736 281 -92 136 30 531 387 -413 -690 -657 -340 452 -168 -303 778 42 -315 379 347 -62 60 -6 -582 -107 60 315 -244 -549 -514 120 60 -574 486 337 22 -438 40 178 137 -165 -692 -83 -730 
-349 -485 372 286 -328 305 957 284 58 -277 -219 307 58 767 -321 -657 145 454 -214 18 -488 170 -349 -365 128 297 569 173 220 -398 328 229 155 341 -578 -250 -317 402 372 43 -901 706 -408 -57 466 -289 -510 619 327 235 -33 386 256 631 177 -575 12 -705 -639 417 135 -27 -228 -81 -153 -450 -158 463 -628 -273 
766 529 -14 -617 63 -178 927 -176 -317 148 248 -657 283 -460 -101 557 122 443 -793 104 -727 116 72 603 -317 284 -197 -273 433 742 238 348 682 117 -383 -193 498 -557 864 -674 798 -169 238 -314 177 706 376 -577 -155 299 -887 -647 29 -170 193 -559 -235 -57 182 -271 57 422 137 490 -262 796 542 758 -56 464 
-257 -871 -471 -138 52 70 26 -106 41 -855 -828 -722 89 -714 -24 -181 6 -423 -629 -403 30 -467 -138 -132 -189 -318 -695 346 348 428 381 42 195 273 -293 -10 537 794 -403 654 25 40 296 -274 18 -384 50 -214 -76 -189 578 -280 323 218 -826 329 856 178 -245 -204 -293 819 68 2 311 623 261 -348 151 505 
389 172 -445 100 607 83 658 71 506 366 183 3 -22 -619 523 -194 71 860 330 289 -146 -100 273 -114 -307 -108 241 -328 196 -299 -62 -17 134 284 97 402 295 111 625 -358 250 -455 -571 61 -83 49 621 -488 522 -781 -281 -429 -374 -122 -320 568 -595 68 -21 -189 -758 398 891 617 57 -615 -841 438 286 36 
187 543 718 -574 92 945 -551 -100 606 105 -591 87 93 705 -160 697 -8 -29 203 112 -365 -668 48 425 -250 -36 19 78 -425 195 -181 -206 133 -773 811 -73 43 180 -508 96 -515 -248 463 -31 -739 157 55 596 364 -180 160 271 358 294 -242 -556 -198 100 25 -347 -416 -635 -944 -173 80 -404 -254 -557 669 307 
-226 22 -53 192 190 257 303 -586 233 -219 185 -447 -109 388 381 -14 -200 732 -222 -281 418 95 -105 -271 47 -560 -466 -485 -363 -16 600 527 -21 145 183 -219 488 -30 -319 511 560 -689 -705 -481 -270 304 178 80 -262 -383 -262 -831 570 -392 -810 -22 69 -509 116 -702 866 -474 81 -95 -169 -260 567 442 48 -259 
-830 -717 8 -43 -215 -31 -143 47 -251 756 473 445 -594 -821 -61 45 286 700 103 418 -441 188 530 705 -813 156 311 702 -511 -125 -904 -462 -104 28 -457 -465 -166 223 -393 292 390 103 50 -231 -19 -680 -141 -189 95 -246 285 -259 659 132 -109 -292 -128 333 -736 164 -605 675 340 -639 -29 -279 -597 -977 129 -24 
227 -699 -152 -629 -263 357 -333 386 516 -262 -139 -255 -374 -26 923 423 -13 -400 358 -54 153 227 335 -229 711 -308 -679 836 -444 -1 465 -20 146 -64 -802 -401 -814 -180 143 20 453 -222 -852 73 777 -169 493 695 391 495 -838 -58 -23 516 -295 974 -399 -69 14 453 -275 32 -553 209 7 429 151 868 -515 -456 
625 -5 918 -377 580 -277 360 -773 130 647 -859 -343 151 69 261 122 131 -593 396 -19 -246 -719 458 -78 593 77 -356 379 -93 78 413 -3 -331 -56 83 -311 -373 -48 -522 673 90 -841 -218 177 -14 -144 -546 -58 -391 188 -839 -118 198 225 60 -253 -350 -467 444 -177 -35 -172 532 -106 -641 -166 -338 -340 -745 -465 
135 -887 188 -81 -292 61 70 -204 10 449 -227 184 352 -58 -272 -79 760 -649 32 578 14 413 -473 -609 549 202 124 460 581 435 -120 -124 -259 -413 147 513 451 -403 136 163 -523 -290 102 77 -130 -303 867 390 800 30 438 107 118 -132 -307 -61 397 -229 115 -465 -289 -265 -549 -814 -251 198 -240 77 9 -220 
-376 223 367 168 193 114 -418 -166 -675 636 237 614 -212 -125 -364 498 -274 -70 363 -130 448 -188 -462 -233 -334 291 182 -100 -51 118 -570 494 337 -104 -182 -393 -545 296 -936 857 -237 -367 -244 -381 308 -62 353 541 152 37 -92 237 415 5 597 504 361 656 -329 175 12 364 -807 54 -305 -685 439 263 437 -21 
-222 393 -26 -39 -324 270 -103 404 -459 -212 -452 488 -346 839 19 124 -698 289 565 -432 386 -368 474 22 141 251 -87 378 138 -343 332 602 -55 -441 -507 -545 -35 -189 771 101 643 -47 -261 -526 845 682 560 -189 527 -282 200 194 -93 252 -161 591 704 -314 -126 -327 292 -401 638 357 483 184 -457 -503 -265 129 
-548 55 -737 -47 -98 -89 276 -306 -728 431 125 439 -7 -529 -965 -51 319 645 394 -578 519 490 -157 -588 235 -778 458 28 -51 531 450 121 133 -650 -637 176 105 28 -500 -584 283 94 299 -105 -27 233 -445 -160 119 216 -37 -636 708 17 182 -706 -578 557 215 -381 -177 -37 -795 67 642 158 -324 -327 265 -408 
-526 -88 -21 -85 -78 29 -615 124 -556 -734 475 42 -54 536 405 9 -282 424 391 538 224 -293 -440 199 375 89 241 2 196 -251 17 480 327 80 -405 -321 -814 77 -431 -251 742 -206 320 -181 -19 765 -379 -266 149 314 80 860 -622 659 213 187 245 -61 -576 25 324 756 -317 -105 -48 224 201 -55 20 470 
-340 892 -10 471 -60 -180 934 -142 714 449 -39 346 -595 37 -104 305 -132 -537 -324 -79 430 -120 317 333 490 344 -249 -387 630 -124 861 82 -269 -117 479 -626 896 -729 639 -461 -319 -420 -778 235 195 -622 -4 433 6 -516 472 96 408 228 324 -176 2 -211 -699 428 487 -800 267 -144 301 -187 -153 -212 -724 -50 
-217 -395 -118 -286 65 -321 -347 330 -136 -104 527 233 617 -724 37 141 353 310 -565 417 -482 -596 -25 -557 -80 301 49 172 -93 -144 28 117 743 -385 -548 30 -872 789 465 592 -75 -463 130 -360 -194 -17 -506 565 176 413 212 -403 174 -556 -28 -624 280 -482 270 800 303 -386 -470 -319 359 -316 186 -89 316 -1 
-608 -168 289 82 509 -14 312 -390 131 -453 -614 -291 -487 284 624 116 306 -663 -701 -495 300 269 -557 101 171 -640 -120 -168 -310 -130 342 -21 -417 -406 86 690 -762 293 839 256 42 -82 -314 -333 -192 -309 522 149 -14 -14 842 -542 636 114 -207 -516 -12 110 151 51 -40 108 -588 -61 -648 -827 -399 -726 325 711
