18
-522 45 819 -287 -34 185 -222 71 -318 161 675 503 535 46 25 -188 70 -185 
-700 720 778 -318 822 -244 547 -284 131 -369 289 -518 -385 169 -144 -482 -490 70 
142 -451 154 -237 -131 -76 346 18 -417 -700 -206 -469 452 -546 -362 -396 277 392 
105 485 -719 -26 20 262 140 152 -265 584 83 -498 -84 501 -94 273 47 280 
-481 660 598 -212 836 672 -25 55 -2 75 -689 -597 -180 524 -215 548 57 841 
-222 392 274 185 319 603 -851 526 -42 324 308 294 -348 395 698 363 -78 90 
115 93 515 -250 -274 -581 -794 758 -409 -394 -754 -401 -58 -579 13 708 -567 -87 
497 259 293 556 -579 -636 70 -746 -379 -738 -537 -572 -159 -396 -62 222 180 -341 
-489 619 529 295 -750 916 402 139 -493 -307 -297 -378 812 -571 -323 113 -49 -882 
-636 430 313 542 171 -69 -752 -325 -432 296 141 21 462 -347 -134 243 -463 -453 
-685 565 -231 -834 -231 672 490 718 -10 448 -128 -136 522 320 75 -443 -44 581 
268 95 -413 374 -616 -293 -170 177 -95 89 -205 135 277 -387 -185 -41 -412 -528 
-827 604 290 -70 115 470 -501 448 -328 -835 274 181 -380 -476 -453 88 546 276 
3 251 -335 138 336 755 -833 -43 -302 -118 -18 527 106 -103 -46 -217 -622 75 
460 -144 445 452 531 702 546 195 -11 705 -664 -957 -874 -456 -786 -452 480 117 
-633 186 -24 128 118 402 -604 204 710 670 -278 694 186 256 295 -762 -411 -439 
-338 87 -637 -111 -107 -158 339 -208 -569 645 375 -70 -430 -316 -57 20 285 387 
-107 758 -279 390 113 769 19 -839 -36 417 -36 342 -655 513 118 -723 528 446
