26
-32 871 300 -230 -299 50 -159 103 184 214 685 228 26 418 47 -360 -1 -104 -599 -526 -83 91 -200 314 465 410 
188 -61 216 -429 404 278 -926 -299 136 -72 -300 164 211 133 -51 -175 -521 -648 -527 -43 133 -18 704 -671 -788 542 
-77 -293 831 811 -616 -730 751 -92 -160 -196 748 -173 470 -59 61 -408 -460 -178 -508 504 -380 -263 -956 -53 807 505 
-520 -345 -512 -17 783 -116 -124 -601 339 594 -675 330 -376 253 -30 339 -559 104 294 -523 -688 106 68 -94 705 365 
-169 400 -382 -761 -591 -258 -77 427 -66 -704 -382 136 -93 92 -810 -5 150 124 47 356 -59 305 -408 -269 -11 122 
133 293 -404 -347 -160 -193 42 406 295 544 -492 -251 -66 -23 -790 -766 6 30 -89 -259 -318 389 481 -187 205 13 
207 516 -55 -584 242 -502 -176 -501 -437 -867 86 -382 -36 343 436 233 470 783 -108 923 496 -970 -50 703 419 -241 
-643 72 -190 194 -581 -111 529 -342 -424 554 3 -255 -239 -181 636 684 -396 -333 -533 308 -713 128 -427 236 -280 573 
373 676 -532 -334 368 97 401 385 -376 -543 -111 375 75 -37 -247 166 -148 260 335 73 219 27 -363 -161 -247 -179 
-117 458 512 401 -44 687 -240 129 168 -203 76 359 533 624 496 -71 345 -664 -192 -230 656 572 52 -842 256 -392 
76 -306 167 -105 114 393 564 317 -181 135 543 -109 -239 816 -348 -3 -257 41 9 572 114 -64 399 -599 339 -307 
-757 -226 280 316 365 12 5 -333 -11 -510 -443 -515 -323 -178 69 194 98 -36 -91 311 -55 -321 375 -37 290 -180 
231 -197 -514 220 492 516 382 -31 -240 -138 -398 -698 -409 343 72 -919 -885 -141 -140 156 -506 -57 801 -185 192 -86 
-430 123 -166 43 332 -144 7 48 90 -781 525 -891 75 238 248 -589 -281 330 -296 107 -504 131 622 370 736 -55 
-248 -62 -375 444 -320 43 390 -48 746 -222 -34 97 88 -347 55 732 -700 -368 -154 -202 580 -75 213 64 -120 -95 
-249 139 468 311 687 329 65 911 334 -212 -100 -468 237 776 -562 -683 683 -972 -103 -328 85 -430 -389 412 -460 507 
265 -447 -13 -380 -342 614 -606 -862 332 522 460 567 924 368 883 -96 -381 298 -214 31 503 -568 -9 -165 29 -612 
448 -87 -10 -165 -491 317 -453 734 180 -224 -240 227 426 74 66 298 -230 -115 -155 282 -189 -517 214 -606 -20 -276 
-622 492 -340 -36 29 -761 -822 -441 844 378 88 11 -274 -9 223 448 18 -242 506 754 -15 980 -236 834 28 262 
-277 66 327 -549 -580 152 -162 114 -16 174 509 132 -307 -120 -172 838 63 -58 -39 -61 -356 -181 -296 473 -550 657 
801 -416 404 -80 254 78 312 707 117 -346 441 595 -593 835 68 168 -719 364 217 -83 691 -211 367 276 142 -403 
51 26 262 20 -296 -153 -61 -329 -506 -21 -418 -460 559 433 394 -419 223 256 -182 -536 -538 155 -775 -90 -585 -95 
-400 -54 -92 -139 -239 -253 -601 470 278 35 244 494 17 -163 589 428 187 701 105 45 3 -500 147 267 553 517 
-156 267 62 588 493 841 -257 -576 -248 364 614 508 130 538 75 480 64 76 -150 -221 34 24 -190 274 -82 19 
150 -60 245 -684 532 535 -106 -276 277 88 418 -912 208 140 -647 -343 630 -215 -220 546 249 -92 46 536 -571 -14 
-616 -574 -507 -283 -627 647 676 580 -468 415 560 -427 -398 -72 733 527 43 -291 -481 -321 153 -106 -243 -715 -46 -281
