50
1 357 -570 -381 508 -660 -283 480 19 401 121 113 -212 433 243 674 -520 796 -239 -468 577 470 -500 442 608 -68 134 -898 870 -41 -155 -290 -338 235 -81 -251 -715 438 169 -48 370 507 282 -223 -504 -734 367 -335 -519 509 
-38 -456 -523 32 156 777 -428 -266 -108 7 -754 -272 -399 -5 -59 -519 411 150 -347 -112 166 -609 -404 -407 -717 -126 -127 142 290 -93 -5 135 59 -705 763 225 -504 -685 741 226 -492 553 702 -146 185 -128 500 -765 -61 -377 
-286 278 464 -51 -147 -476 -76 742 -229 618 -291 -216 849 -584 -451 -215 -113 120 9 -796 -107 222 -548 -206 265 829 256 -464 632 540 -8 -908 -610 231 281 259 -189 342 -201 135 -451 38 -71 -443 -473 38 423 398 -659 -141 
-288 146 249 -214 -24 111 238 34 -630 -624 336 415 543 -780 794 -142 -802 -267 -508 -154 -206 346 104 199 618 -276 341 65 -695 769 13 -394 -72 -342 -493 -111 -189 -18 261 742 -245 184 254 -75 183 -46 -31 -241 -452 -683 
271 -347 439 -3 -537 579 -145 611 11 -332 -418 741 535 447 -84 -214 -31 -379 73 108 -641 -597 449 -678 -450 -345 -37 -317 -752 580 246 351 805 -25 -58 63 418 162 480 -672 176 -190 378 -11 623 438 287 86 113 618 
440 4 147 373 354 -695 35 -330 -391 -313 -420 750 -86 607 -807 83 259 491 -747 34 918 -214 -193 -634 171 295 178 -86 -471 -177 -253 -293 289 -236 -585 149 138 934 95 8 353 -686 -3 679 -251 247 352 500 152 182 
-290 -100 -733 -208 134 -75 104 370 466 -373 847 61 180 -161 179 -100 0 89 282 278 682 -98 441 -113 321 -174 93 -281 -199 -42 -70 -483 304 197 839 2 -323 307 528 -271 708 18 -559 721 -353 166 -464 507 -360 74 
179 0 332 -322 149 -290 -39 306 -533 293 58 -661 493 82 549 317 -415 288 271 426 -276 573 -135 -265 -94 445 -865 -794 629 -534 94 -389 99 596 -137 87 157 271 244 353 34 -238 -66 150 552 94 398 -28 -398 -485 
885 -948 -33 -289 32 -344 863 235 385 8 353 -418 -194 -752 -230 -127 -282 48 599 -457 176 346 -31 486 -33 290 596 422 427 162 784 -796 -40 -462 -284 190 -72 -420 118 602 -88 -245 117 -387 198 -257 -541 187 -97 328 
102 158 54 -17 -845 -40 829 -426 -109 -508 -37 -225 532 -160 -18 -299 687 467 -107 266 -318 -236 941 105 -474 -79 830 -441 305 -554 216 372 654 -4 -360 -53 136 -169 -247 -444 181 120 -124 -329 -272 117 -385 199 328 816 
105 288 -173 -683 -296 211 54 545 11 -592 -317 -614 366 -136 132 12 -203 -170 419 204 18 9 -254 -350 120 -151 286 -250 -828 -303 -352 -163 361 717 -539 -97 -312 551 113 545 611 37 629 548 402 402 -695 143 -94 446 
-163 -153 -90 -40 600 -392 -103 -188 79 -24 -394 -117 265 577 -762 188 20 248 -215 -399 63 300 -148 136 120 412 489 637 321 -73 885 -366 -147 484 441 23 -356 114 435 -573 -287 282 134 -395 -219 -634 647 -77 -414 138 
490 533 836 -370 248 474 193 811 322 782 -403 -232 499 448 746 113 -605 371 -4 502 355 -147 -619 -126 -271 -194 155 276 -29 388 -41 -47 -150 586 326 -614 65 -772 904 502 -242 -336 587 863 -336 274 -248 -24 -449 97 
650 205 75 161 -465 317 -677 -147 -79 819 -33 208 -32 -679 -606 395 -98 55 385 -44 -122 213 -747 111 -570 -241 -329 -236 799 861 152 237 -142 31 -140 163 259 -61 -557 -313 683 270 -586 345 119 110 111 -323 287 916 
-305 -467 -545 -532 -125 122 -46 -440 74 -67 -241 816 38 191 -152 -232 833 -150 -226 538 120 -144 -299 -205 -326 319 418 -698 -77 77 -401 19 147 -279 -517 -429 568 29 -452 43 200 6 145 370 505 544 293 184 80 -638 
-540 517 360 648 -334 -167 54 132 498 268 302 -597 22 36 -212 663 -20 -374 -274 -401 -681 259 -82 -131 246 67 595 -208 704 -634 -125 -261 561 -454 -7 680 -128 333 -318 854 -14 476 38 199 96 -118 -54 -526 -310 795 
-187 -6 -234 475 178 -623 -751 -606 -583 677 158 133 -469 -741 -373 -95 528 -227 227 96 -774 216 -26 57 204 -96 292 465 293 46 778 655 -150 -46 326 130 170 27 309 183 170 226 422 -361 -232 634 -12 -148 70 -84 
-145 -348 393 170 115 -730 90 -251 187 -422 721 -202 -148 195 808 670 158 337 353 -44 -138 50 370 464 483 -191 -396 266 -392 378 924 80 -278 -16 -723 -160 -483 387 -310 92 243 82 562 -48 456 -62 81 -186 -566 174 
442 146 -96 -507 -560 -234 189 -469 491 921 -188 32 -123 -655 -356 -330 533 46 407 -321 124 -822 -59 64 -809 380 -156 -103 257 31 -239 340 -481 -620 -76 -580 153 -286 307 527 115 -498 -331 31 -359 -820 -292 346 -94 -495 
-215 -121 -477 33 370 328 171 443 229 -882 -168 273 -534 -880 344 -150 198 -284 -31 199 -338 -530 -642 -328 34 458 737 406 -299 -425 -200 472 -494 -281 -414 164 445 376 -453 39 -866 95 -772 -277 324 -377 -572 473 -68 -240 
109 -587 559 -995 188 335 244 -159 -421 -248 -435 379 118 279 -309 -433 -37 -645 -231 276 -245 -721 689 471 -260 -828 -50 -350 -245 -881 -33 -753 667 100 -39 -255 635 -933 496 -56 112 540 -332 428 119 517 -767 16 365 689 
-508 -606 458 -197 -353 189 512 -881 568 -750 93 -227 -469 -420 -95 -129 -650 524 375 409 74 -571 -25 -234 94 -122 135 219 88 210 -285 38 347 167 -111 392 -475 -450 17 -309 -316 652 -132 485 318 597 129 392 -155 550 
-161 49 -237 -137 -84 245 -229 -229 120 -701 -49 118 531 -92 -579 -538 48 271 -240 592 337 -21 86 100 5 292 -56 388 -81 -444 -246 -106 178 -387 -349 612 43 -257 -12 -16 -110 -52 333 660 -17 240 -118 -110 -349 -2 
-939 -62 201 -119 -180 -170 789 -456 113 375 420 185 -546 11 577 -944 322 390 -677 360 -217 -146 -33 -305 -45 -824 389 326 731 -404 -304 -53 -356 189 -746 111 387 -390 -637 434 80 -11 -382 -41 2 -343 -794 -284 588 465 
750 -119 -810 -158 -851 518 885 -304 -475 -500 -142 -423 114 -86 -154 544 -396 -916 268 345 202 -356 -926 -114 -4 -875 -105 -378 -6 -290 -438 -565 -321 310 -203 362 223 381 698 -104 4 253 722 -92 705 556 -481 -215 -138 144 
103 305 -136 624 -47 -391 -459 -144 679 -316 381 -348 231 -253 531 -600 -251 -39 40 -473 456 -50 293 -387 -78 5 185 203 93 157 -808 -94 262 -95 -197 -352 216 257 108 482 167 -20 793 -232 -220 158 -518 -87 635 47 
601 49 292 327 -120 77 -55 47 534 -375 -260 -714 199 -34 369 623 -292 788 -671 399 572 552 828 -744 62 29 -337 -328 -134 47 300 205 -12 8 -245 176 180 196 -672 -277 685 545 715 209 208 -536 -779 517 310 -472 
581 744 431 418 -311 -147 -757 370 -34 -164 484 331 -382 266 21 -7 144 364 -27 686 274 37 -65 -229 -662 724 260 230 -98 -490 -414 525 -760 9 670 228 -118 109 23 367 -160 -114 145 34 -91 -680 -953 -72 734 -148 
-71 -651 345 628 -309 433 86 -17 -268 -724 560 -161 -205 -457 0 -714 475 -260 -555 541 -284 -334 -707 -263 17 -335 -390 -167 -81 286 -229 200 -146 -286 -340 731 -420 -470 749 -454 927 344 -284 -354 201 553 -849 -135 44 -47 
186 -568 137 -63 525 301 -305 693 470 -603 -81 642 -297 76 86 -549 416 688 -859 88 -541 -531 34 269 151 175 617 140 674 715 243 -319 -655 213 -7 152 691 -43 -216 229 893 4 -429 478 7 302 359 262 703 190 
425 -852 -389 192 332 -23 -177 -265 477 -712 758 85 -75 469 823 325 0 -285 -71 5 -672 -163 315 -806 -568 -726 -577 -46 3 -23 -215 -224 -226 396 47 -37 -265 525 -628 -511 552 -7 419 324 370 -50 250 -412 -486 -273 
87 287 -511 -128 178 -336 772 706 253 -36 -21 129 -62 -394 403 -338 -330 -39 408 668 -159 318 -362 -197 405 -487 683 -682 -291 73 256 -750 36 436 43 31 -211 -152 76 669 419 -782 -177 -925 -541 -356 -116 -8 -543 -284 
532 -264 151 99 -117 -292 597 -243 -186 303 -18 -11 -455 137 409 854 599 -34 -179 -375 129 7 -388 498 -52 349 749 443 -34 296 -271 -331 91 78 -654 -384 388 -799 -614 -277 500 560 56 -458 -769 102 340 -362 53 638 
66 -126 -475 -249 -226 -107 -104 -476 103 31 -96 293 -95 674 647 -346 -80 168 -396 356 -553 653 -651 -704 -460 -214 -539 688 9 621 -325 722 154 40 512 -216 292 -49 909 93 926 245 -44 51 295 -675 -55 566 288 505 
0 -240 -628 284 -42 731 -97 -432 -91 176 -63 176 -804 -370 -653 284 718 -8 -598 372 -347 243 79 415 77 -511 -260 545 -594 419 605 -547 97 414 368 -142 -463 225 208 -450 -417 300 55 -741 317 -138 84 245 -593 681 
-259 -556 287 543 661 133 131 215 -73 -705 150 167 -232 -584 366 -52 -717 -616 60 66 668 -388 -71 -663 -52 -252 85 -315 327 26 -155 151 367 -653 111 -204 260 282 -412 340 547 -365 4 -515 69 -625 486 -606 -290 281 
155 -49 838 251 -147 -38 384 31 -84 -281 27 -453 -732 366 -317 150 372 -748 -665 -365 446 587 -158 -133 -217 38 328 -326 -122 -75 -17 398 177 -436 504 -300 797 76 -95 -307 -471 -503 -332 453 212 107 102 -450 505 -561 
-687 255 425 397 -374 665 821 11 -314 -316 -805 -907 648 -776 -596 458 154 -525 -252 -92 -38 176 441 -727 3 25 102 -856 56 -449 -618 -823 -278 115 876 -157 597 -378 206 -188 -147 -592 -46 352 -433 -530 560 485 299 -247 
-378 661 -386 -743 -471 29 553 -663 -68 517 240 -201 283 -213 -117 52 137 -626 700 571 -5 612 333 408 286 114 -438 30 197 -278 7 586 -456 542 239 -879 -639 -513 330 605 -178 -154 337 -125 -10 614 -278 -212 160 158 
91 633 12 -207 367 310 -178 572 -320 -660 43 -685 155 680 434 -637 468 -672 -181 173 -127 376 -10 855 -253 -12 -203 -443 -240 268 -574 69 -374 -626 -128 632 29 792 -339 -15 -862 -154 -370 240 -9 -770 -213 -41 -303 210 
-473 666 -797 -425 106 -81 533 -468 -129 200 -72 -425 730 -521 219 53 179 -346 178 -403 85 -120 -14 134 -817 16 116 -176 -522 -672 -360 443 748 -95 -378 -439 18 -619 -147 509 -152 498 115 161 -22 -62 517 -212 -524 542 
842 -196 -103 -135 348 138 898 159 -40 -41 -191 203 628 -58 332 203 -61 35 193 -61 -374 737 9 -109 -431 -446 -254 55 748 127 128 253 -14 -96 -107 -632 -136 43 2 193 79 -701 152 -153 -354 -20 -398 194 873 -233 
-762 -67 240 -674 -443 515 -86 109 -536 -34 -421 236 -174 -232 -174 466 -330 -835 -274 502 10 567 127 -10 -720 700 -98 -311 -338 132 -360 552 348 -133 208 301 386 -506 -808 103 -208 629 388 125 -929 -462 -497 22 -194 -130 
-390 583 40 -139 -88 353 -584 -603 -403 -146 74 732 -167 -923 -5 653 -530 -47 -688 -609 427 -72 23 646 493 287 -109 145 -874 11 521 -275 -101 -850 -507 -565 -66 409 687 -423 555 -252 -117 170 -532 -223 492 -370 -170 250 
-30 -111 -304 -139 354 -437 -51 -293 204 -159 706 310 -582 238 367 -78 174 240 -539 253 537 76 125 -681 308 -350 427 213 194 -555 291 -454 -823 -313 -114 -547 -245 -442 312 209 -962 -718 -886 15 -703 -131 -526 -299 200 -711 
327 510 271 610 297 -501 -321 -849 276 -195 273 -840 -264 750 -751 22 429 659 -401 283 -559 229 -437 -737 -454 59 389 214 -271 62 -53 555 -33 780 483 462 493 -309 -929 190 670 -268 -531 -463 -145 -472 34 234 299 216 
-628 2 -280 569 -353 -591 10 82 736 -323 571 448 289 -393 -9 -334 203 -123 360 362 -145 30 265 -657 83 -704 224 259 721 100 392 -277 -567 -187 -305 506 651 62 -704 -730 -577 34 -692 512 -490 389 26 792 362 -394 
-163 254 296 -243 -576 323 -56 493 -351 -70 -382 -291 -271 752 -541 147 118 -215 -284 358 569 -366 -313 62 -163 144 -41 396 -646 130 155 -539 -675 40 -212 -468 -272 -129 -354 104 -75 -766 -900 -76 -575 -29 -669 -147 -971 49 
290 -178 -604 434 -726 173 -568 84 -315 -12 63 42 38 -302 140 180 328 -552 -304 414 -285 170 -6 329 262 493 -78 -632 -570 675 -188 -1 506 514 330 172 516 -159 -52 -459 133 537 865 312 322 217 -509 275 -336 551 
-283 687 770 94 -303 -71 -683 533 74 829 -167 530 614 673 -407 -81 595 -458 -218 84 -729 308 -465 122 -314 301 -4 842 282 535 386 -815 -291 50 10 -31 202 -484 -233 -5 -412 -29 125 -158 680 -13 -169 -250 -101 -617
