40
532 -42 -675 -250 598 -657 -663 -811 21 -227 889 73 -20 -379 -267 -598 113 400 68 35 505 176 297 30 -458 32 397 193 47 -565 -353 -955 -156 197 243 -423 259 238 416 -125 
422 -611 13 -452 -308 839 468 -549 -23 575 -471 -32 555 344 177 -71 126 121 549 -154 -699 -716 -430 -569 383 -233 -192 -652 292 -18 -88 419 -123 176 -142 668 60 -426 686 -176 
-339 -370 -675 832 -328 438 -275 622 397 -323 -179 413 0 807 -6 404 573 124 -338 -133 -230 270 -839 -255 43 -187 471 393 -138 -194 534 159 -107 5 -761 -759 176 -495 107 247 
377 661 231 -681 -44 -50 -314 -756 -255 -514 120 346 590 -14 452 -153 -411 28 913 -88 -177 8 -29 87 501 51 -51 270 -50 883 488 583 -114 -105 -43 316 669 585 -776 706 
-755 50 506 732 -425 -141 -654 -212 -651 382 139 735 21 448 -9 321 263 -570 -309 -126 -517 -669 175 61 -550 -169 -212 397 532 55 646 111 -604 328 -591 -294 935 369 156 -14 
-128 195 381 118 732 140 198 -712 146 385 -183 -257 129 -786 245 -758 15 425 -324 -339 366 138 52 510 -309 -600 635 260 -41 400 -327 -383 79 -564 586 -485 546 515 -271 -203 
-432 -424 -660 -34 -42 -202 9 -33 -544 -157 148 346 12 -3 -467 -488 286 304 -427 -75 -11 -190 137 -913 -818 -11 -359 -623 843 -255 463 478 -6 -272 52 -255 -272 39 686 811 
-591 -451 -217 55 299 3 -295 216 -90 265 -52 355 270 190 -832 -178 802 -23 649 -790 480 414 342 589 -723 -433 567 -450 -390 -208 93 58 41 -874 -285 -11 198 -267 -617 144 
527 -819 -425 283 -178 -332 41 -542 58 772 272 -31 163 -287 -273 -497 -488 -300 -234 -22 -940 504 -333 -816 -751 -502 -284 -657 -128 75 -437 -147 262 -134 538 265 137 -302 82 530 
-163 500 494 -271 -99 -35 31 -111 19 321 599 -198 706 -459 733 119 802 -580 -538 14 306 -175 92 -19 471 -683 -112 454 -29 87 416 -77 471 161 196 296 801 -161 541 5 
122 376 442 -44 528 117 -104 -191 383 -51 -855 82 -578 840 -259 270 -833 -127 180 21 -128 -52 -526 -216 80 437 -966 171 88 -285 -144 -660 -16 -367 747 521 -912 387 -420 421 
-744 885 376 -605 68 -354 448 -52 -450 245 -766 564 -413 -466 -525 475 -188 22 -583 -348 -472 761 -12 -592 -8 -165 121 -155 -946 523 333 -91 -642 -20 348 611 930 -149 -567 -544 
614 652 -310 -555 -772 -78 -35 352 114 449 612 -311 -215 -187 151 -5 -440 502 -504 347 913 -68 452 -95 264 380 -233 -229 -39 -231 -795 230 116 -281 -322 -15 -314 -178 -151 -296 
432 -362 152 -250 -951 -126 637 -627 -164 14 -490 456 -83 335 4 175 121 636 573 34 -446 230 -284 -55 46 65 -394 -247 446 -415 421 -113 571 815 204 -234 110 -699 -754 378 
149 -152 613 -73 -665 -138 622 298 271 -663 315 -414 451 603 77 -306 -574 -18 790 449 -228 -766 411 235 -2 -194 -269 -262 575 584 323 -121 -181 -213 473 383 -750 -362 -203 -361 
-203 -244 837 62 188 416 -77 -740 -140 -353 -13 226 646 -101 -262 239 -16 -586 -159 -65 474 -109 -1 436 -450 -512 465 126 -420 260 -436 204 492 72 94 -287 6 -386 -597 160 
133 -158 -286 -585 346 611 -884 -838 -567 -706 -464 -257 -94 -101 54 -738 -293 138 -223 66 522 385 492 -754 428 100 195 858 199 762 464 -207 -519 -56 482 -619 -313 642 17 -248 
133 -240 695 -220 375 147 216 363 222 -44 -36 708 808 125 -57 269 728 -246 647 -36 724 -785 52 -11 -116 -22 281 795 36 266 -204 -299 -140 -405 -362 529 23 -50 -31 -3 
-468 349 309 -42 63 323 54 -265 -520 -228 -760 128 -308 -661 -631 514 -338 65 -345 669 543 281 665 -138 -303 -89 232 -150 469 938 -772 739 -389 -139 476 688 170 -32 -367 -20 
113 -83 283 620 659 591 10 -224 135 -112 167 -18 -158 -475 133 454 397 590 842 82 -231 -614 -349 48 -200 398 -487 657 329 182 -314 355 712 -588 508 702 462 55 -100 -452 
-609 -333 -26 -390 505 61 429 -76 -286 342 125 -149 430 53 -288 -323 844 655 -684 769 353 13 -402 -78 -80 -466 -42 -15 -358 69 -360 106 -262 302 -30 228 900 456 178 162 
-61 144 -216 -716 -481 -219 -605 645 296 539 17 -59 7 415 -576 -68 -23 260 -91 188 545 -412 -792 424 -172 122 82 761 812 275 -246 599 -13 -508 402 -323 1 -410 146 -287 
-670 -182 -398 -498 -244 3 336 592 461 -429 116 163 160 326 417 -368 578 511 30 947 143 295 -800 -199 -677 -122 268 556 -558 383 273 -42 465 31 483 -424 575 -896 -538 -212 
574 -128 -645 -82 -42 -345 316 -270 433 276 -614 541 75 89 -450 -31 191 -36 -435 342 -464 -246 313 -368 -106 -337 -241 594 200 19 207 -127 -171 -57 368 -82 -14 -245 -546 47 
296 -21 970 -463 -98 920 -105 -197 -369 120 33 -97 359 -329 -955 -136 132 -308 415 272 -512 724 -365 460 -374 -735 -381 30 -175 792 419 858 -206 -348 -518 -472 -234 1 -518 370 
-310 -233 450 -64 145 -561 679 -534 -505 388 691 -405 -185 210 411 54 -490 59 -383 -118 370 -322 -85 -126 -89 35 473 -292 579 -62 146 -262 109 616 -209 137 -885 -142 311 441 
-5 472 457 109 96 25 334 250 -89 522 12 -137 -174 158 -194 6 -574 268 305 623 423 -357 -236 -94 759 377 438 195 -686 -246 -48 -79 -114 -387 566 -56 533 -604 -519 -29 
-623 -339 -58 -216 561 -271 -54 -111 487 374 35 44 -93 865 -258 -19 -463 -362 201 -264 255 -726 410 384 -686 -48 78 -83 -212 77 -383 0 53 281 -292 664 777 -484 102 86 
12 469 -262 -221 168 704 -85 -413 -11 -129 534 -339 -174 148 -570 -304 624 -468 199 -464 -184 -200 -57 700 -392 277 107 102 468 -139 -517 -659 -278 -180 537 -65 -54 84 -175 468 
355 -128 388 -253 -130 -245 -485 515 321 -194 41 211 179 -476 433 86 442 -750 -718 -313 252 -143 186 652 57 14 550 -267 522 733 -399 390 -519 225 284 -84 2 303 -152 -304 
-587 300 -417 692 -709 -293 596 -65 33 -511 -279 501 -118 616 407 -419 670 782 -733 6 -101 450 107 573 -102 105 -181 -602 411 -273 -378 -10 541 546 -105 14 265 290 -447 160 
277 -227 -129 444 481 -547 -168 99 512 181 197 553 363 -166 -647 366 -94 77 -41 411 -307 -106 -46 -102 -714 -422 -21 297 -731 -95 772 -44 411 511 202 -191 137 -579 -6 -89 
751 114 618 367 541 -139 -455 695 -503 326 776 -405 -217 -642 687 409 108 168 285 614 160 139 293 -340 -312 137 418 -270 100 -318 707 578 -35 189 282 76 279 145 697 -343 
-209 553 879 761 370 120 182 244 -203 397 589 -481 336 735 -178 -230 -109 -531 -42 103 674 756 -79 355 80 -555 225 184 -723 -758 664 -289 335 -322 -589 -733 652 -60 318 -60 
400 714 349 -519 817 -275 -265 36 -736 11 439 -241 -51 16 -653 18 -306 315 278 -331 -480 -423 -169 326 -377 -231 320 505 579 -112 -170 321 -714 567 -215 12 278 208 -502 204 
-425 -113 -148 811 -734 -697 254 -380 -93 -543 422 644 354 -191 -909 326 337 208 -41 -434 -281 320 -156 -487 478 443 735 249 645 942 -577 401 -165 246 -20 -334 33 673 -73 629 
-195 -400 216 629 -93 -757 841 -614 252 -883 93 284 -583 -348 -505 101 408 -161 198 132 336 435 20 -148 102 561 400 323 -198 -134 -690 246 315 638 -151 -30 147 -638 -125 143 
183 173 197 105 -179 -55 -64 146 -77 468 -446 -394 491 -133 -170 342 -638 -404 363 558 22 612 -659 210 541 684 -237 -908 -94 -380 320 749 -170 -406 -603 25 6 26 43 -390 
265 -25 584 635 -271 226 -430 -268 24 -111 829 -159 200 -170 -192 475 381 -545 -131 -545 -7 647 -287 -37 352 -842 119 -336 572 210 -66 -195 -217 281 -354 601 121 -149 -77 218 
666 -191 728 -600 -33 383 295 -136 -257 378 232 28 -477 -164 -956 73 -217 496 356 515 508 225 381 -823 -415 -134 -465 171 -524 -497 62 232 -540 -644 -79 -509 416 -120 -196 275
