22
291 192 24 -534 -118 363 -224 -745 -698 274 874 484 769 -166 344 -77 868 -594 -335 -539 -586 816 
443 9 -587 -323 -53 -667 257 586 355 -116 273 -238 160 485 46 -237 -275 -118 55 480 -280 364 
-20 -423 460 557 -251 319 -458 -517 106 77 -335 25 518 721 -34 -139 36 -72 250 -123 -844 -92 
-295 -362 -364 -6 -30 373 -180 374 180 -620 -327 -640 145 -430 -215 -354 -131 -52 -57 -193 -37 -246 
274 -430 -636 319 609 -40 267 352 10 -458 578 31 -214 138 18 179 21 99 -598 -579 -552 -586 
-439 120 764 -552 504 215 22 -314 -459 333 -35 594 -151 27 45 12 207 527 -205 -336 -193 -411 
-473 -483 -212 -18 -367 -231 -408 -221 237 593 -76 414 -553 -630 251 733 -118 198 452 -576 -242 -432 
-11 -15 -213 669 -302 431 160 48 760 540 383 -40 568 272 -424 675 -164 790 238 335 -459 81 
-81 111 -442 618 391 -224 313 285 -111 102 323 349 351 496 451 -407 -646 50 356 -794 -51 706 
-320 -553 302 295 440 184 -24 34 -39 -202 -964 -421 -485 140 -232 -626 -162 16 -630 116 -398 600 
-19 -347 614 -97 298 -310 -732 277 325 -518 120 302 -191 -405 15 284 182 288 36 -258 26 147 
-89 -672 -277 -602 -339 -20 414 -121 474 -224 101 -901 -97 175 273 -426 -606 123 -287 -335 -779 195 
572 -585 591 351 -98 -819 -709 735 328 -548 212 -809 744 299 -203 -48 569 64 558 -501 -134 -85 
-314 74 -42 -617 -251 -256 -273 -190 -463 -106 -870 914 373 445 447 -603 360 -854 645 137 400 -113 
571 -349 -541 215 -145 -723 543 -532 81 122 -664 760 -555 23 72 325 -41 456 226 -642 -200 605 
5 683 -710 527 424 -97 479 -285 188 -100 -632 -83 -326 -30 -442 -479 648 648 -287 212 111 -344 
393 -506 763 81 -603 -627 -79 898 215 42 623 802 -133 123 130 -81 -499 105 -546 -310 -169 -373 
55 232 -408 133 -683 201 -50 -488 -546 -45 493 -133 -106 -498 -379 125 302 -55 278 110 -634 131 
-662 -252 -277 395 412 514 170 680 -502 466 161 -304 139 387 116 174 -190 894 -374 -252 -97 -302 
335 -136 -466 635 390 -514 136 35 -257 -294 131 -267 -111 149 -201 -488 224 -383 355 452 -417 275 
-190 -29 167 402 -427 -296 320 253 -4 255 142 -24 476 242 366 777 475 -622 -280 -411 619 -894 
-853 58 124 -285 536 -237 119 69 523 -340 -759 641 522 252 172 -922 -284 -187 449 106 -133 -4
