30
-172 -380 -343 69 498 -57 -209 354 -77 287 173 1 -347 -184 516 -22 -357 543 -407 112 -584 -98 -460 26 758 25 241 134 -699 88 
37 -192 312 -724 610 -653 91 -119 505 95 220 843 498 -645 279 262 -194 292 69 375 253 707 -380 327 -152 -259 -105 -119 -87 -513 
327 -844 -532 -45 -337 218 -300 -388 -488 150 362 131 -527 -55 -105 577 -818 -293 -819 -165 640 112 624 13 663 -800 -595 282 638 616 
-341 -244 -73 490 125 -49 26 105 787 -862 632 124 317 -437 -719 -158 372 133 59 -594 243 -51 68 919 524 -46 44 489 779 318 
-65 353 -596 -393 -948 -352 -279 -436 1 -707 188 329 -29 -110 -778 163 15 112 -351 234 84 348 -171 -110 -309 356 77 407 -849 152 
505 530 183 290 361 533 -595 546 440 418 -380 657 107 449 10 -17 -732 386 803 282 -151 258 343 489 593 -88 33 -388 -718 46 
366 159 190 -268 -130 -842 -171 -28 -428 307 720 -623 85 541 403 11 -32 403 68 -200 -499 8 375 -145 794 760 -323 -732 -169 -519 
397 3 663 -180 -108 668 -70 75 8 253 -259 317 207 -115 42 272 -142 453 32 251 -107 -330 594 128 324 52 99 -166 -47 640 
-267 -918 -165 112 455 -208 -70 171 503 125 -319 242 -454 733 -205 142 -66 118 -241 284 -407 209 -167 46 678 -838 349 138 -168 -606 
245 506 112 -52 -146 -268 -45 617 321 477 482 6 -253 -273 16 205 -343 441 -17 639 -380 -421 -336 716 -494 279 -463 173 78 -489 
372 356 75 500 186 246 158 86 20 455 -653 -485 668 816 -62 -807 394 338 -6 230 -374 -310 -700 -393 226 -154 -203 458 -600 211 
303 -351 -400 -834 -527 -225 521 884 -462 140 -96 41 698 166 123 -211 779 -228 71 -379 -18 644 -138 323 -335 -133 -551 -729 -593 245 
460 -43 118 267 -38 382 -11 -202 200 -750 -768 436 -327 475 440 -38 -248 788 -58 -292 294 199 764 -219 -234 -170 148 326 -27 -100 
-127 960 76 144 -494 -79 590 434 765 317 -754 -471 117 -136 362 151 -374 -140 -437 16 504 222 410 -553 519 -293 -735 -839 92 121 
-212 -311 -265 -588 -152 368 -283 446 -107 -49 659 179 -106 305 364 -559 346 214 -26 -621 -242 -473 -312 -46 516 347 563 98 -134 -555 
478 28 312 -449 219 -188 29 804 313 -52 312 -645 -179 685 -144 -436 313 -196 -462 262 639 -265 60 -966 945 201 277 -867 -640 -568 
-403 845 -412 533 6 179 868 -40 100 -403 -376 -698 706 295 253 -70 372 759 425 30 86 428 827 -470 31 -378 -721 205 63 50 
-123 166 404 857 -432 -387 -552 255 725 204 266 412 453 529 -235 -168 560 -109 -79 146 -367 142 -553 -291 536 281 90 347 -41 -293 
-193 -282 536 -21 4 -53 -117 -578 -513 -144 44 -175 -465 -324 47 -783 -727 221 -105 -733 324 -112 -346 -462 -558 -484 234 -28 -192 262 
734 -290 -586 -184 130 -144 296 311 55 90 -702 -17 596 -50 -694 -388 338 47 899 62 242 -219 -337 -514 -356 215 536 122 209 887 
-420 -445 -533 670 -239 -603 -349 -109 -378 -616 306 -144 853 -379 -302 872 -346 -805 380 -159 -50 -505 416 -733 -237 303 -46 559 488 -187 
337 -184 -537 113 -418 -16 -160 486 -136 645 -243 -303 -189 -538 140 -162 312 -180 -334 -29 -113 -221 434 335 666 277 281 429 -67 -257 
167 -449 -116 -393 952 -204 -113 -82 488 322 234 -777 277 -394 543 -67 -68 190 -497 364 728 294 383 -712 113 671 562 213 547 697 
-479 449 465 267 -860 422 -561 835 279 -11 -915 89 -93 133 473 -456 -189 95 -665 -108 -6 -9 -267 -449 301 404 -95 33 -205 -382 
-4 -89 -495 380 719 -38 -62 -558 132 332 -763 468 230 307 -334 -58 85 118 505 726 122 -415 -360 380 -277 -147 -201 455 -179 -594 
-315 150 200 -344 -234 928 -282 -52 243 -222 -609 927 304 -428 -505 -388 677 -401 30 -419 -714 -316 23 361 -40 231 -526 245 -460 -98 
146 215 628 -301 718 454 -210 -642 418 78 -86 -272 467 -186 437 41 -419 -242 -282 -132 -614 143 460 -11 -76 -97 377 -126 252 499 
-245 -727 -555 898 433 -49 -561 -4 -53 -576 701 -291 310 273 -377 899 313 -229 -148 273 -566 -895 -681 420 736 -214 -477 217 79 42 
-90 -216 114 -372 -481 548 -226 826 107 -641 -559 -369 289 -556 338 421 -571 -529 56 806 -649 -120 711 -431 303 309 -279 60 140 82 
-657 -274 -291 -334 296 -308 529 -228 -370 59 -82 677 12 353 242 -369 -710 707 -797 -237 -155 146 -622 -387 -93 -412 40 -183 356 -147
